8.837222898200000145e+02
8.876765157900000531e+02
8.916289942199999814e+02
8.955797414500000286e+02
8.995287738499999932e+02
9.034761077599999908e+02
9.074217595400000391e+02
9.113657455300000265e+02
9.153080820899999708e+02
9.192487855800000034e+02
9.231878723400000126e+02
9.271253587300000163e+02
9.310612611000000243e+02
9.349955958000000464e+02
9.389283791799999790e+02
9.428596275999999534e+02
9.467893574099999796e+02
9.507175849599999538e+02
9.546443265999999994e+02
9.585695986900000207e+02
9.624934175800000276e+02
9.664157996200000298e+02
9.703367611600000373e+02
9.742563185599999542e+02
9.781744881700000178e+02
9.820912863300000026e+02
9.860067294100000481e+02
9.899208337500000425e+02
9.938336157100000037e+02
9.977450916400000551e+02
1.001655277889999979e+03
1.005564190810000014e+03
1.009471846759999949e+03
1.013378262090000021e+03
1.017283453150000014e+03
1.021187436290000051e+03
1.025090227870000035e+03
1.028991844240000091e+03
1.032892301749999888e+03
1.036791616750000003e+03
1.040689805590000105e+03
1.044586884640000108e+03
1.048482870229999889e+03
1.052377778719999924e+03
1.056271626470000001e+03
1.060164429830000017e+03
1.064056205139999975e+03
1.067946968770000012e+03
1.071836737059999905e+03
1.075725526369999898e+03
1.079613353039999993e+03
1.083500233440000102e+03
1.087386183910000000e+03
1.091271220800000037e+03
1.095155360470000005e+03
1.099038619279999921e+03
1.102921013559999892e+03
1.106802559680000059e+03
1.110683273990000089e+03
1.114563172829999985e+03
1.118442272569999886e+03
1.122320589550000022e+03
1.126198140129999956e+03
1.130074940660000038e+03
1.133951007489999938e+03
1.137826356970000006e+03
1.141701005460000033e+03
1.145574969309999915e+03
1.149448264870000003e+03
1.153320908489999965e+03
1.157192916519999926e+03
1.161064305330000025e+03
1.164935091249999914e+03
1.168805290649999961e+03
1.172674919869999940e+03
1.176543995259999974e+03
1.180412533189999976e+03
1.184280549999999948e+03
1.188148062040000013e+03
1.192015085669999962e+03
1.195881637239999918e+03
1.199747733100000005e+03
1.203613389599999891e+03
1.207478623100000050e+03
1.211343449940000028e+03
1.215207886489999964e+03
1.219071949090000089e+03
1.222935654090000071e+03
1.226799017849999927e+03
1.230662056720000010e+03
1.234524787049999986e+03
1.238387225200000103e+03
1.242249387520000028e+03
1.246111290349999990e+03
1.249972950050000009e+03
1.253834382980000100e+03
1.257695605489999934e+03
1.261556633919999967e+03
1.265417484629999990e+03
1.269278173980000020e+03
1.273138718310000058e+03
1.276999133979999897e+03
1.280859437340000113e+03
1.284719644750000043e+03
1.288579772540000022e+03
1.292439837090000083e+03
1.296299854730000106e+03
1.300159841830000005e+03
1.304019814730000007e+03
1.307879789789999904e+03
1.311739783349999925e+03
1.315599811779999982e+03
1.319459891420000076e+03
1.323320038629999999e+03
1.327180269749999979e+03
1.331040601149999929e+03
1.334901049170000078e+03
1.338761630160000095e+03
1.342622360479999998e+03
1.346483256479999909e+03
1.350344334520000075e+03
1.354205610929999921e+03
1.358067102089999935e+03
1.361928824329999998e+03
1.365790794020000021e+03
1.369653027500000007e+03
1.373515541129999974e+03
1.377378351249999923e+03
1.381241474229999994e+03
1.385104926409999962e+03
1.388968724139999949e+03
1.392832883779999975e+03
1.396697421690000056e+03
1.400562354200000073e+03
1.404427697679999937e+03
1.408293468480000001e+03
1.412159682949999933e+03
1.416026357440000083e+03
1.419893508299999894e+03
1.423761151899999959e+03
1.427629304569999931e+03
1.431497982670000056e+03
1.435367202550000002e+03
1.439236980579999909e+03
1.443107333090000111e+03
1.446978276439999945e+03
1.450849826979999989e+03
1.454722001070000033e+03
1.458594815059999974e+03
1.462468285290000040e+03
1.466342428129999917e+03
1.470217259929999955e+03
1.474092797029999929e+03
1.477969055790000084e+03
1.481846052569999983e+03
1.485723803699999962e+03
1.489602325560000054e+03
1.493481634479999911e+03
1.497361746820000008e+03
