6.501426627700000154e+02
6.518254918899999666e+02
6.535170552800000223e+02
6.552174211300000479e+02
6.569266583099999934e+02
6.586448364499999570e+02
6.603720258800000238e+02
6.621082976699999563e+02
6.638537236500000063e+02
6.656083764200000132e+02
6.673723293199999489e+02
6.691456564999999728e+02
6.709284328799999457e+02
6.727207341900000301e+02
6.745226369599999998e+02
6.763342185599999539e+02
6.781555571799999598e+02
6.799867318599999635e+02
6.818278224900000168e+02
6.836789098399999602e+02
6.855400755499999832e+02
6.874114021499999581e+02
6.892929730800000243e+02
6.911848726800000122e+02
6.930871862499999452e+02
