1.909227941801817582e-02
1.820141032505027956e-02
2.312189527210639292e-02
1.932514666586749447e-02
2.328399112593541875e-02
1.902140677736838259e-02
1.832290628044992709e-02
2.094509273786275896e-02
1.985162913926595551e-02
2.368897764393423575e-02
2.339526117175559292e-02
2.285875528203666282e-02
1.506276481055945742e-02
2.418498488185328449e-02
2.040848560151432844e-02
2.343586107018497469e-02
2.081347211951314197e-02
2.116783532276210814e-02
2.157282184076092166e-02
2.124883262636187084e-02
1.836330368562030801e-02
2.123880921004139832e-02
2.245376876403784583e-02
1.929477267701758259e-02
2.070220207369296780e-02
2.068195274779302539e-02
2.215002887553873395e-02
2.031746488159409322e-02
2.035786228676447415e-02
2.297002532785683698e-02
2.194753561653932719e-02
2.026684156684424240e-02
2.127930786184127968e-02
1.825203363980013038e-02
1.779642380705146257e-02
2.164379572804021531e-02
1.668271088255472018e-02
2.220065219028858478e-02
2.088444600679243562e-02
2.120843522119148991e-02
1.753318257035223551e-02
2.090469533269237803e-02
1.995287576876566063e-02
1.932514666586749447e-02
1.784704712180131686e-02
2.028698964611468439e-02
1.677383284910445582e-02
1.843417632627010125e-02
2.170444245911053865e-02
1.854564886534927279e-02
1.967950986911646064e-02
1.930499858659705248e-02
1.800894048237134532e-02
2.165381914436068783e-02
1.906200667579776437e-02
2.015536902776506739e-02
1.818105975252084019e-02
2.166404505394015773e-02
1.877851611319859490e-02
1.503239082170954727e-02
1.644984363470540153e-02
1.762420329027246726e-02
1.452615767421102690e-02
1.921387662004732030e-02
1.662196290485489988e-02
1.764455386280190663e-02
2.071222549001344032e-02
1.630799710677631811e-02
1.544740075602883331e-02
1.605488053302705706e-02
1.982135639704554406e-02
1.790769385287164020e-02
1.489054429378046211e-02
2.193741095358935772e-02
1.671298362477513164e-02
1.859627218009912708e-02
1.694585087262445375e-02
1.963911246394607624e-02
1.756355655920214739e-02
1.817103633620037115e-02
1.743193594085253040e-02
1.647009296060534395e-02
1.697632610810386258e-02
1.953786583444637459e-02
1.643961772512593164e-02
1.596385981310682184e-02
1.325034889588525867e-02
1.613587783662681976e-02
1.656111368052557570e-02
1.468805103478105362e-02
1.620675047727661300e-02
1.702694942285371341e-02
1.624735037570599477e-02
1.632834767930575748e-02
1.653084093830516424e-02
1.790769385287164020e-02
1.504241423803001805e-02
1.690545346745406935e-02
1.725981667070303552e-02
1.505264014760948794e-02
1.690545346745406935e-02
1.746230992970244228e-02
1.682445616385430665e-02
1.862664616894903896e-02
1.617647773505620154e-02
1.947701661011705040e-02
1.663208756780486935e-02
1.779642380705146257e-02
2.039846218519385593e-02
1.678395751205442529e-02
1.391867789721280314e-02
1.139763682267017249e-02
1.584236385770717778e-02
2.038823627561438603e-02
1.520451009185904388e-02
1.702694942285371341e-02
1.857602285419918467e-02
1.793816908835104904e-02
1.709772081687400969e-02
1.555887329510800658e-02
1.755333064962267750e-02
1.685483015270421853e-02
1.512341154162978075e-02
1.645986705102587405e-02
1.640924373627601976e-02
1.645986705102587405e-02
1.811018711187104696e-02
2.154254909854051020e-02
1.383768059361304044e-02
1.552839805962859775e-02
1.235947980291736067e-02
2.013511970186512845e-02
1.608525452187696894e-02
1.677383284910445582e-02
1.610550384777690788e-02
1.681423025427483675e-02
1.439453705586141163e-02
1.920375195709735083e-02
1.590301058877750112e-02
1.897078346261853177e-02
1.561962127280782861e-02
1.757357997552261644e-02
1.510326346235933877e-02
1.648021762355531342e-02
1.831268037087045719e-02
1.761417987395199822e-02
1.729019065955294393e-02
1.712819605235341852e-02
1.790769385287164020e-02
1.602460779080664560e-02
1.280496497271605902e-02
1.545762666560830320e-02
1.485014688861007945e-02
2.225127550503843907e-02
1.592336116130694049e-02
1.702694942285371341e-02
1.635862042152616894e-02
1.741168661495259146e-02
1.438431114628194174e-02
1.648021762355531342e-02
1.812041302145051686e-02
2.113756258054169321e-02
1.672320953435460153e-02
1.770520059387223344e-02
1.710794672645347958e-02
1.657133959010504559e-02
1.644984363470540153e-02
1.692570279335401176e-02
1.423244120203238580e-02
1.651049036577572487e-02
1.644984363470540153e-02
1.683458082680427612e-02
1.493114419220984389e-02
1.686485356902468757e-02
1.571074323935756425e-02
1.890001206859823896e-02
1.850515021354939144e-02
1.728006599660297446e-02
1.569049391345762184e-02
1.640924373627601976e-02
1.723956734480309311e-02
1.720919335595318123e-02
1.490077020335993201e-02
1.778629914410149310e-02
1.925437527184720166e-02
1.764455386280190663e-02
1.745208402012297239e-02
1.778629914410149310e-02
1.818105975252084019e-02
1.724959076112356562e-02
1.438431114628194174e-02
1.402994794303297731e-02
1.466780170888111294e-02
1.703707408580368288e-02
1.777607323452202320e-02
1.780644722337193508e-02
2.090469533269237803e-02
1.540700335085845064e-02
1.690545346745406935e-02
1.950749184559646271e-02
1.792794317877157914e-02
1.841392700037015884e-02
1.520451009185904388e-02
1.775582390862208426e-02
1.667258621960475071e-02
1.771542650345170333e-02
2.103631595104199156e-02
1.616635307210623207e-02
1.924414936226773176e-02
1.833292969677039613e-02
1.485014688861007945e-02
2.026684156684424240e-02
1.550824998035815576e-02
1.587273784655708966e-02
1.655109026420510665e-02
1.607523110555649642e-02
1.593338457762741300e-02
1.601448312785667613e-02
1.417179447096206420e-02
1.435403840406152855e-02
1.756355655920214739e-02
1.583213794812770789e-02
1.689522755787459946e-02
1.681423025427483675e-02
1.290621160221576240e-02
1.689522755787459946e-02
1.443493446103179256e-02
1.471842502363096550e-02
1.567024458755767943e-02
1.313907885006508104e-02
1.397932462828312475e-02
1.669273429887519269e-02
1.684460424312474863e-02
1.537652811537904181e-02
1.578151463337785707e-02
1.665233689370481177e-02
1.519428418227957399e-02
1.530575672135874726e-02
1.581198986885726590e-02
1.553862396920806764e-02
1.672320953435460153e-02
1.895063538334808978e-02
1.584236385770717778e-02
1.915312864234749654e-02
1.695607678220392364e-02
1.544740075602883331e-02
1.669273429887519269e-02
1.522465817112948587e-02
1.606510644260652695e-02
1.555887329510800658e-02
1.478929766428075700e-02
1.751293324445229310e-02
1.651049036577572487e-02
1.663208756780486935e-02
1.423244120203238580e-02
1.745208402012297239e-02
1.567024458755767943e-02
1.647009296060534395e-02
1.639922031995555071e-02
1.784704712180131686e-02
1.819128566210031009e-02
1.759393054805205581e-02
1.678395751205442529e-02
1.816081042662090125e-02
1.933537257544696436e-02
1.747233334602291133e-02
1.653084093830516424e-02
1.642959430880545912e-02
1.590301058877750112e-02
1.669273429887519269e-02
1.679398092837489781e-02
1.407054784146235908e-02
1.699647418737430457e-02
1.855577352829924226e-02
1.463742772003120106e-02
1.621697638685608289e-02
1.451593176463155700e-02
1.879876543909853384e-02
1.551837464330812523e-02
1.954788925076684364e-02
1.688520414155412694e-02
1.614610374620628966e-02
1.324032547956478616e-02
1.556899795805797605e-02
1.632834767930575748e-02
1.468805103478105362e-02
1.633837109562623000e-02
1.520451009185904388e-02
1.642959430880545912e-02
1.535638003610859982e-02
1.582211453180723537e-02
1.569049391345762184e-02
1.724959076112356562e-02
1.363518733461363194e-02
1.579174054295732696e-02
1.967950986911646064e-02
1.512341154162978075e-02
1.831268037087045719e-02
1.711797014277394863e-02
1.628774778087637570e-02
1.809003903260060497e-02
1.539677744127898075e-02
1.489054429378046211e-02
1.771542650345170333e-02
1.487029496788052144e-02
1.939601930651728770e-02
2.091471874901284708e-02
1.487029496788052144e-02
2.160319582961083354e-02
2.126908195226180978e-02
2.178554100933980178e-02
2.365860365508432386e-02
2.386109691408373062e-02
2.213990421258876448e-02
2.017571960029450676e-02
2.567331033549893199e-02
2.482293989433092055e-02
2.385087100450426073e-02
2.284863061908669335e-02
2.339526117175559292e-02
1.997322634129509999e-02
1.975038250976625040e-02
2.447870135403192385e-02
1.888978615901876906e-02
1.783692245885134739e-02
2.100594196219207968e-02
2.057058145534335428e-02
2.191716162768941531e-02
1.941636987904672706e-02
2.142095189651136572e-02
1.974035909344578135e-02
1.987197971179539488e-02
1.920375195709735083e-02
1.794829375130101851e-02
1.933537257544696436e-02
2.062120477009320510e-02
2.231192223610876241e-02
2.339526117175559292e-02
1.932514666586749447e-02
2.104633936736246408e-02
1.734081397430279475e-02
2.128943252479124915e-02
1.813043643777098937e-02
2.089446942311290814e-02
2.029721555569415428e-02
2.037821285929391352e-02
2.017571960029450676e-02
1.780644722337193508e-02
2.032758954454406269e-02
1.835328026929983550e-02
2.017571960029450676e-02
1.959851256551669446e-02
1.697632610810386258e-02
1.636884633110563883e-02
1.908225600169770678e-02
1.956823982329628300e-02
1.887976274269829655e-02
1.704709750212415539e-02
1.906200667579776437e-02
1.734081397430279475e-02
1.965936178984601865e-02
2.035786228676447415e-02
1.656111368052557570e-02
1.878853952951906395e-02
1.550824998035815576e-02
1.792794317877157914e-02
1.684460424312474863e-02
1.676360693952498593e-02
1.896076004629805925e-02
1.862664616894903896e-02
1.563987059870777102e-02
2.055033212944341187e-02
1.672320953435460153e-02
1.844440223584957114e-02
1.688520414155412694e-02
2.034783887044400510e-02
1.582211453180723537e-02
1.605488053302705706e-02
1.498176750695969471e-02
1.683458082680427612e-02
1.500201683285963539e-02
1.613587783662681976e-02
1.692570279335401176e-02
1.654086435462563676e-02
1.375658204338377731e-02
1.779642380705146257e-02
1.616635307210623207e-02
1.553862396920806764e-02
1.680420683795436770e-02
1.714834413162386051e-02
1.411094524663274175e-02
1.613587783662681976e-02
1.792794317877157914e-02
1.489054429378046211e-02
1.534615412652912993e-02
1.802918980827128426e-02
1.609548043145643884e-02
1.832290628044992709e-02
1.732046340177335539e-02
1.635862042152616894e-02
1.645986705102587405e-02
1.846455031512001313e-02
1.799891706605087280e-02
1.850515021354939144e-02
1.892016014786868094e-02
1.945686853084660842e-02
1.780644722337193508e-02
2.057058145534335428e-02
2.262588803418734418e-02
1.943661920494666948e-02
2.103631595104199156e-02
2.359775443075500315e-02
2.250439207878769665e-02
2.342563516060550480e-02
2.436733006158225273e-02
2.487356320908077137e-02
2.512667978283003242e-02
2.522792641232973407e-02
2.564303759327852053e-02
2.549116764902896459e-02
2.844756923042032412e-02
3.116087765438288817e-02
3.148496811541143942e-02
3.202147400513036951e-02
3.494750159767182063e-02
3.411738048240374466e-02
3.511962086782131204e-02
3.978719173438716866e-02
4.163990380760224791e-02
4.068818549030503440e-02
4.319910190189769211e-02
4.562902100989058712e-02
4.786657152183403791e-02
4.865639647856122990e-02
5.107619092360415891e-02
5.134945557662386195e-02
5.465019694494371166e-02
6.127162526759484529e-02
6.153496775092357624e-02
6.241571218094149609e-02
7.082940833899639688e-02
7.143688811599462063e-02
7.680295947947893276e-02
7.823043570879525954e-02
7.898978543004303576e-02
8.276628471038199875e-02
8.783884209494666195e-02
9.211144985983417410e-02
9.391363986492889948e-02
1.009603040314788064e-01
1.052227871334163317e-01
1.068326085424616267e-01
1.082400379391370154e-01
1.177875951009590971e-01
1.151045594192169480e-01
1.216652397641682648e-01
1.236598996119419314e-01
1.260088214163350706e-01
1.256848322019360198e-01
1.265454285526834977e-01
1.230726691608436535e-01
1.268086697893827108e-01
1.250165032006084476e-01
1.239432889279115935e-01
1.253507183245869960e-01
1.230017965201938568e-01
1.235586529824422297e-01
1.202276388719019512e-01
1.157120391962151718e-01
1.159448051974349830e-01
1.137883532357207989e-01
1.100118539553818359e-01
1.100624772701316867e-01
1.084729051869863375e-01
1.036839396116503442e-01
1.037040876909207654e-01
9.858100823823576220e-02
9.832789166448649421e-02
9.219244716343392987e-02
9.351867676325055501e-02
8.845634528826536169e-02
8.900317833419325864e-02
8.787923950011704288e-02
8.448747741187696836e-02
8.138933054918601195e-02
8.265491341793232416e-02
7.929352531854215458e-02
7.758255852662665486e-02
7.459578295638538692e-02
7.198351866866352367e-02
7.143688811599462063e-02
7.283399035646102859e-02
7.008008203406909664e-02
6.786288209465507482e-02
6.399526084776638313e-02
6.494687791843409275e-02
6.638458005732990330e-02
6.017816166899803837e-02
5.996564499367816603e-02
6.111975532334529282e-02
5.996564499367816603e-02
5.533867402554169118e-02
5.609802374678946740e-02
5.737363003185624866e-02
5.461972170946429589e-02
5.592580323001047210e-02
5.189628862255175890e-02
5.141020355432367878e-02
5.326311812079775887e-02
5.104571568812475008e-02
5.179504199305205031e-02
5.369837738101698732e-02
5.154192541930278926e-02
5.296940164861912298e-02
5.076222512552557714e-02
5.172406810577276359e-02
5.095459372157501443e-02
5.569303722879065388e-02
4.910188164835992825e-02
5.172406810577276359e-02
5.076222512552557714e-02
5.080272377732545502e-02
4.880826642281078237e-02
5.310102226696873651e-02
5.264541243422006522e-02
5.493368750754287766e-02
5.235189845530042324e-02
5.421473519146547543e-02
5.425523384326535331e-02
5.146082686907352960e-02
5.010412203377750257e-02
5.414396379744518956e-02
5.313149750244815228e-02
5.575368395986098069e-02
5.864943881018201688e-02
5.375912535871681108e-02
5.641178705160905527e-02
5.631054042210935362e-02
5.488306419279301990e-02
5.690799678278710139e-02
5.636116373685920444e-02
5.987442178049892649e-02
5.962130520674966544e-02
5.780899053870496712e-02
5.944918593660017403e-02
5.761672318928502678e-02
6.019851224152748120e-02
5.982379846574907567e-02
5.503493413704257931e-02
5.941881194775026215e-02
5.761672318928502678e-02
6.171721168402304059e-02
6.163621438042328482e-02
6.093751139024582153e-02
6.178808432467283729e-02
6.210184762949241127e-02
6.014788892677763038e-02
6.027940829849774002e-02
5.960105588084973344e-02
6.227406814627141352e-02
6.271945206944061491e-02
6.237531477577111516e-02
6.334718117233878454e-02
6.205122431474256045e-02
6.135262257119460799e-02
6.284094802484026243e-02
6.040100550052689143e-02
6.202095157252215246e-02
6.481525730008448616e-02
6.557460702133226238e-02
6.606059084293083861e-02
6.114000464924522482e-02
6.398503493818691323e-02
6.619231270790995603e-02
6.184873105574315716e-02
6.681994056417861483e-02
6.322568521693912313e-02
6.260808077699094032e-02
6.313466449701889138e-02
6.405590757883670994e-02
6.350927702616780690e-02
6.767041225197613363e-02
6.409650747726608477e-02
6.313466449701889138e-02
6.382304033098738782e-02
6.556458360501178639e-02
6.551396029026193557e-02
6.299281796908981490e-02
6.486588061483433698e-02
6.475461056901415935e-02
6.737679702642698776e-02
6.573670287516129862e-02
6.340803039666810526e-02
6.486588061483433698e-02
6.701230916022805906e-02
6.585809758393143531e-02
6.206134897769253339e-02
6.720477900290700024e-02
6.245621083274138091e-02
6.863225523222331315e-02
6.449126808568543534e-02
6.931070889650084443e-02
6.516962050333345580e-02
6.856138259157353032e-02
7.137603889166529991e-02
6.701230916022805906e-02
6.843988663617388279e-02
6.940172961642107619e-02
6.814637265725424775e-02
7.103190159799580017e-02
6.703265973275750189e-02
7.009030794364856654e-02
6.790327949982545575e-02
7.014093125839841736e-02
7.069778772064679029e-02
7.206461721889279026e-02
6.993843799939900019e-02
7.299598496366056788e-02
6.936133221125069526e-02
7.075843445171710322e-02
7.406930048298691893e-02
7.241898042214175990e-02
7.151778417296487944e-02
6.954347489772065571e-02
7.609423307298100736e-02
7.431219114715671703e-02
7.222651057946280484e-02
7.402870058455754410e-02
7.058631518156761875e-02
7.553737661073263443e-02
7.506141620545452031e-02
7.425144316945689327e-02
7.568924655498218690e-02
7.896953610414308988e-02
7.442366368623588857e-02
7.657009223162961065e-02
7.157853215066470320e-02
7.365408805540864245e-02
7.534490676805369325e-02
7.713697211019844568e-02
7.580051660080236453e-02
7.529428345330384242e-02
7.562839733065286618e-02
7.807856576454570707e-02
7.503114346323411232e-02
7.849377819212399743e-02
7.780519986489650708e-02
7.903038532847242448e-02
7.687383212012872946e-02
7.686360621054925957e-02
7.907078273364280541e-02
7.614485638773085818e-02
7.429204306788628198e-02
7.963786510547064823e-02
7.375533468490834410e-02
7.496016957595481867e-02
8.027561762468927997e-02
7.849377819212399743e-02
7.832165892197448520e-02
7.848355228254452753e-02
7.930375122812162447e-02
7.533488335173321726e-02
8.105531791846649903e-02
7.618525379290123911e-02
7.638774705190064240e-02
8.136908122328607995e-02
7.690420610897863440e-02
7.784569851669638496e-02
7.756230920072670898e-02
7.772420256129673743e-02
7.510201610388390903e-02
7.889876471012280401e-02
7.544615339755340877e-02
7.668136227744978828e-02
7.637762238895066946e-02
7.366431396498811235e-02
7.672196217587917699e-02
8.024534488246887198e-02
7.590176323030206618e-02
7.593213721915197112e-02
7.556764935295304242e-02
7.717757200862783440e-02
7.615487980405133417e-02
7.541577940870348995e-02
7.791667240397567862e-02
7.536515609395363913e-02
7.694460351414901533e-02
7.375533468490834410e-02
7.330995076173914271e-02
7.631697565788035653e-02
7.502091755365464243e-02
7.669148694039976122e-02
7.689398019939916451e-02
7.639797296148011230e-02
7.733946536919786285e-02
7.593213721915197112e-02
7.258087378271177448e-02
7.479827621538479021e-02
7.263149709746162530e-02
7.283399035646102859e-02
7.304660827841041870e-02
7.186212395989338697e-02
7.568924655498218690e-02
7.599298644348130571e-02
7.291498766006079824e-02
7.077878502424654605e-02
7.126466759921562533e-02
7.210501462406317119e-02
7.284411501941100153e-02
6.642517995575927814e-02
6.863225523222331315e-02
6.927010899807145572e-02
6.907784164865152232e-02
7.182152406146399826e-02
6.903724175022213361e-02
7.174062800449373944e-02
6.509874786268365909e-02
6.695166242915774613e-02
6.310429050816898644e-02
6.634418265215952237e-02
6.841973855690344775e-02
6.302319195793971984e-02
6.484563128893439110e-02
6.463301336698501487e-02
6.615171280948056731e-02
6.346867712773841819e-02
6.303341786751918974e-02
6.502797646866335934e-02
6.308404118226904056e-02
6.029975887102718285e-02
6.025915897259780801e-02
6.046165223159721824e-02
6.389401421826668148e-02
6.606059084293083861e-02
5.833547301210343511e-02
5.733323262668586079e-02
5.903417600228088452e-02
5.921631868875085192e-02
6.048190155749715025e-02
5.811273042720407900e-02
5.674590092895807902e-02
5.682699947918734562e-02
5.733323262668586079e-02
5.641178705160905527e-02
5.651303368110876385e-02
5.232152446645051830e-02
5.488306419279301990e-02
5.655363357953813869e-02
5.677637616443749480e-02
5.378960059419622686e-02
5.614864706153932516e-02
5.118756221605382656e-02
5.135958023957382795e-02
5.172406810577276359e-02
5.077245103510504703e-02
5.299977563746902792e-02
5.169379536355234867e-02
5.543992065504139283e-02
5.114696231762445172e-02
5.158242407110267408e-02
5.077245103510504703e-02
4.901075968181019260e-02
4.636822265186792136e-02
4.967888618987874316e-02
4.917265304238022799e-02
5.239229586047080417e-02
4.726921640778578709e-02
4.647959394431759594e-02
4.769455349831404345e-02
4.476842465914310232e-02
4.671235994553741416e-02
4.764393018356419263e-02
4.586198950436940619e-02
4.594288556133966500e-02
4.713769703606567052e-02
4.143741054860283768e-02
4.352309111629674293e-02
4.932452298662978046e-02
4.552777438039088548e-02
4.206524089813050427e-02
4.522403449189177360e-02
4.370533504939621422e-02
4.558852235809070230e-02
4.170065178530207167e-02
4.368518697012576529e-02
4.576074287486969761e-02
4.377620769004600398e-02
4.615550348328904817e-02
4.853479927653208542e-02
4.742108635203534650e-02
4.883853916503119730e-02
5.415398721376565166e-02
5.818360306785387570e-02
6.954347489772065571e-02
7.973911173497034988e-02
1.051520157393960458e-01
1.260088214163350706e-01
1.635813443770456899e-01
2.037357576366282952e-01
2.520203764916665867e-01
2.952120873896108000e-01
3.643433872586381850e-01
4.195126756730268580e-01
4.728391741838914308e-01
5.430638364048860911e-01
6.074770433392272517e-01
6.559134308918855849e-01
7.390470383740925797e-01
8.143946788011426907e-01
8.216945607880714597e-01
8.619907193289536584e-01
8.741606654414475486e-01
8.940960255433096915e-01
8.707485527806780867e-01
8.837081213566402305e-01
8.966474406067023173e-01
9.047067735615083039e-01
8.855509112601641641e-01
8.894995298106526116e-01
9.084528988529972926e-01
8.984294825325266354e-01
8.833335088274911762e-01
8.662734517567910464e-01
8.631145569164002662e-01
8.656457226538928351e-01
8.945718847019583642e-01
9.095159884627441738e-01
9.158843002116460186e-01
9.195191554573148851e-01
9.540745288589344009e-01
9.690590300248905775e-01
9.583775106126718457e-01
9.755388143128717049e-01
1.000000000000000000e+00
9.734532349918072480e-01
9.893083559248314618e-01
9.881946430003346604e-01
9.690894040137404408e-01
9.693527464970692620e-01
9.267885622087642661e-01
9.295829691829559094e-01
9.113990745248091718e-01
8.745656519594463552e-01
8.411845369667645400e-01
8.169359692015852881e-01
7.950464479037493426e-01
7.791812023077752114e-01
7.851344028757282212e-01
7.951781697687284600e-01
7.971524790439726837e-01
7.855091166515066892e-01
7.763057980299836736e-01
7.634777488257415978e-01
7.908346893631911234e-01
7.770447971787020069e-01
7.881415290184989875e-01
7.752527318365571851e-01
7.736632610000413468e-01
7.762145748168044479e-01
7.793025970165453620e-01
7.651280688865867985e-01
7.709802253182991283e-01
7.587191572392555372e-01
7.143123855406853240e-01
7.122874529506912911e-01
6.898005765388071087e-01
7.221083760121626005e-01
7.192329717343709516e-01
6.870162942275652718e-01
6.758083935885774718e-01
6.422754086516460070e-01
6.068390883267495983e-01
6.095322486714417343e-01
6.180673395382668689e-01
5.927355340840703146e-01
5.739036609971254199e-01
5.453216362427295572e-01
5.234423408544729428e-01
5.264492645039846597e-01
5.336883985132134800e-01
5.252241802870383225e-01
4.871756969210495058e-01
4.715534432358747252e-01
4.389925271887698544e-01
4.289286122164993609e-01
3.867896637720930619e-01
3.470605876030387060e-01
3.034435396145662156e-01
2.728164341909057877e-01
2.275186921527382333e-01
1.928822202008895204e-01
1.565953269415661375e-01
1.425827934188070856e-01
1.201060416698728067e-01
1.051317664134961000e-01
9.222271990565433786e-02
8.112619055911629573e-02
7.160900738614411898e-02
6.215247094424226904e-02
5.489308760911349588e-02
4.953714090857915670e-02
4.749206023931463322e-02
4.620612679803889900e-02
4.589226224658981418e-02
4.176150100963139239e-02
3.511962086782131204e-02
3.635493099434719544e-02
3.786350577389278882e-02
3.519059475510060570e-02
3.320616081690640903e-02
3.406675716765389383e-02
3.200132592585992752e-02
3.644605296089693802e-02
3.254805772515833445e-02
3.461338772032279687e-02
3.020915933708567119e-02
3.331753210935607667e-02
3.209244789240966317e-02
3.152536552058182034e-02
3.060402119213451524e-02
3.053324979811421896e-02
2.961190546966691733e-02
3.174820935211066647e-02
3.312506226667714937e-02
3.180885608318099328e-02
3.330740744640611067e-02
2.943968495288791856e-02
3.070526782163422036e-02
3.002701665061570033e-02
3.127224894683256623e-02
2.918656837913866098e-02
3.070526782163422036e-02
2.857908860214043723e-02
3.098885963086288678e-02
2.903469843488910504e-02
2.822472539889147106e-02
2.703011641742446639e-02
2.960167956008744744e-02
2.429645742093245950e-02
2.655415601214635574e-02
2.836647068019106099e-02
2.990541944858655932e-02
2.682762315842505962e-02
2.734398096887354426e-02
2.904482309783907451e-02
2.796148416219224400e-02
2.426608343208254762e-02
2.611889675192713076e-02
2.700976584489502355e-02
2.495456051268053407e-02
2.735400438519402025e-02
2.481271398475145065e-02
2.474184134410165742e-02
2.898407512013925075e-02
2.668587787712546969e-02
2.715151112619461349e-02
2.467106995008136461e-02
2.669590129344594567e-02
2.627076669617668669e-02
2.524807449160017606e-02
2.524807449160017606e-02
2.473181792778118490e-02
2.470144393893127649e-02
2.640228606789679980e-02
2.616952006667698158e-02
2.697949310267461556e-02
2.845769389337029012e-02
2.605804752759781004e-02
2.306124854103606958e-02
2.497480983858047648e-02
2.451920000583180867e-02
2.460019730943157137e-02
2.498493450153044595e-02
2.092494465859231698e-02
2.139067915429095426e-02
1.804954038080072362e-02
2.412433815078296115e-02
2.395211763400396585e-02
1.933537257544696436e-02
2.072245139959291022e-02
2.288902802425707428e-02
2.290937859678651364e-02
1.782669654927187750e-02
1.874814212434868302e-02
1.801916639195081521e-02
2.034783887044400510e-02
1.751293324445229310e-02
1.746230992970244228e-02
1.806978970670066603e-02
1.875826678729865249e-02
2.027696622979421187e-02
2.059072953461379626e-02
1.656111368052557570e-02
1.891013673154820843e-02
1.950749184559646271e-02
1.847477622469948302e-02
1.780644722337193508e-02
1.841392700037015884e-02
1.678395751205442529e-02
1.705732341170362529e-02
1.809003903260060497e-02
1.712819605235341852e-02
1.892016014786868094e-02
1.663208756780486935e-02
1.976060841934572029e-02
1.770520059387223344e-02
1.774580049230161174e-02
1.355408878438437055e-02
1.741168661495259146e-02
1.679398092837489781e-02
1.677383284910445582e-02
1.776604981820155416e-02
1.686485356902468757e-02
1.725981667070303552e-02
1.594361048720688290e-02
1.699647418737430457e-02
1.756355655920214739e-02
1.667258621960475071e-02
1.839377892109971685e-02
1.708769740055353717e-02
1.408057125778282986e-02
1.747233334602291133e-02
1.720919335595318123e-02
1.627772436455590319e-02
1.611572975735637778e-02
1.759393054805205581e-02
1.967950986911646064e-02
1.589298717245703207e-02
2.154254909854051020e-02
1.748255925560238122e-02
1.693582745630398123e-02
1.577149121705738455e-02
1.749268391855235069e-02
1.612585442030634725e-02
1.778629914410149310e-02
1.664211098412534187e-02
1.880889010204850331e-02
1.981123173409557459e-02
1.706734682802409780e-02
1.560949660985785914e-02
2.010474571301521657e-02
1.651049036577572487e-02
1.846455031512001313e-02
2.031746488159409322e-02
1.972010976754583894e-02
1.744206060380249987e-02
1.830265695454998467e-02
1.866704357411941989e-02
1.757357997552261644e-02
2.071222549001344032e-02
1.945686853084660842e-02
2.151217510969060179e-02
2.056035554576388438e-02
1.876829020361912501e-02
2.106658869326240302e-02
2.221067560660905729e-02
2.112743791759172374e-02
2.385087100450426073e-02
1.995287576876566063e-02
1.886953683311882665e-02
2.293965133900692510e-02
2.982452339161629357e-02
3.882534875413997527e-02
3.844051031541160374e-02
2.585555426859839981e-02
1.885951341679835414e-02
1.928474926069711354e-02
2.128943252479124915e-02
1.908225600169770678e-02
2.127930786184127968e-02
1.657133959010504559e-02
1.664211098412534187e-02
2.010474571301521657e-02
1.970998510459586947e-02
1.833292969677039613e-02
1.745208402012297239e-02
1.688520414155412694e-02
1.614610374620628966e-02
1.910250532759764572e-02
2.203865758308905937e-02
1.865702015779894737e-02
1.871766688886927071e-02
1.842415290994962873e-02
1.912265340686808771e-02
1.991247836359527623e-02
1.887976274269829655e-02
2.577455696499863710e-02
1.793816908835104904e-02
1.939601930651728770e-02
2.072245139959291022e-02
2.190693571810994542e-02
1.865702015779894737e-02
1.832290628044992709e-02
1.962888655436660634e-02
1.820141032505027956e-02
1.992260302654524570e-02
1.758380588510208634e-02
1.787731986402172832e-02
1.647009296060534395e-02
2.032758954454406269e-02
2.062120477009320510e-02
2.064135284936364709e-02
1.793816908835104904e-02
2.010474571301521657e-02
2.149192578379065938e-02
2.166404505394015773e-02
1.961886313804613383e-02
2.108693926579184239e-02
1.896076004629805925e-02
1.859627218009912708e-02
1.728006599660297446e-02
2.029721555569415428e-02
2.073257606254287969e-02
1.689522755787459946e-02
2.066160217526358603e-02
1.902140677736838259e-02
1.970998510459586947e-02
1.710794672645347958e-02
1.876829020361912501e-02
2.034783887044400510e-02
2.343586107018497469e-02
1.894040947376861989e-02
1.837352959519977791e-02
1.789767043655116768e-02
1.724959076112356562e-02
1.717881936710326934e-02
1.771542650345170333e-02
1.735083739062326727e-02
2.158304775034039155e-02
2.091471874901284708e-02
1.721921677227365374e-02
1.853542295576980289e-02
3.006751530241558515e-02
1.959851256551669446e-02
1.711797014277394863e-02
1.828230638202054531e-02
2.231192223610876241e-02
1.806978970670066603e-02
2.036808819634394405e-02
1.669273429887519269e-02
1.962888655436660634e-02
1.908225600169770678e-02
2.033761296086453521e-02
1.744206060380249987e-02
1.610550384777690788e-02
1.924414936226773176e-02
1.855577352829924226e-02
2.024659224094429999e-02
1.854564886534927279e-02
1.933537257544696436e-02
1.628774778087637570e-02
1.548800065445821508e-02
1.458680440528134850e-02
1.705732341170362529e-02
1.569049391345762184e-02
2.041871151109379834e-02
2.291940201310698616e-02
1.957826323961675552e-02
1.805956379712119614e-02
1.605488053302705706e-02
1.884938875384838466e-02
1.551837464330812523e-02
1.771542650345170333e-02
2.193741095358935772e-02
2.109696268211231490e-02
1.982135639704554406e-02
1.769517717755176092e-02
1.571074323935756425e-02
1.947701661011705040e-02
1.979098240819563218e-02
1.707757273760356770e-02
1.815078701030042874e-02
1.764455386280190663e-02
1.878853952951906395e-02
2.479246465885150824e-02
2.107681460284187291e-02
1.573089131862800624e-02
2.101596537851255220e-02
1.954788925076684364e-02
1.951761650854643218e-02
1.732046340177335539e-02
1.888978615901876906e-02
1.915312864234749654e-02
1.908225600169770678e-02
1.945686853084660842e-02
1.786729644770125927e-02
1.782669654927187750e-02
2.131970526701166407e-02
1.806978970670066603e-02
1.799891706605087280e-02
1.919352604751788094e-02
1.910250532759764572e-02
2.047945948879361863e-02
1.956823982329628300e-02
1.838355301152024696e-02
1.711797014277394863e-02
2.233217156200870135e-02
2.021621825209438811e-02
2.038823627561438603e-02
2.033761296086453521e-02
1.703707408580368288e-02
2.101596537851255220e-02
2.106658869326240302e-02
1.902140677736838259e-02
1.805956379712119614e-02
2.168429437984009667e-02
1.836330368562030801e-02
1.952763992486690470e-02
2.105656527694193397e-02
1.994285235244518811e-02
1.897078346261853177e-02
2.363835432918438492e-02
2.170444245911053865e-02
1.943661920494666948e-02
2.049970881469356104e-02
1.940624521609675759e-02
2.015536902776506739e-02
2.265626202303725259e-02
2.179566567228977125e-02
1.983137981336601657e-02
1.837352959519977791e-02
1.776604981820155416e-02
2.229177415683832042e-02
2.210942897710935565e-02
2.014534561144459834e-02
2.235252213453814071e-02
2.178554100933980178e-02
2.007447297079480164e-02
1.991247836359527623e-02
2.173491769458994749e-02
2.281815538360728104e-02
1.868729290001935883e-02
1.995287576876566063e-02
1.869751880959882873e-02
1.884938875384838466e-02
2.063132943304317457e-02
1.554864738552853669e-02
1.997322634129509999e-02
2.124883262636187084e-02
1.608525452187696894e-02
1.978075649861616228e-02
1.818105975252084019e-02
2.102619128809202209e-02
2.014534561144459834e-02
2.301062522628621876e-02
2.631116410134706762e-02
1.926449993479717113e-02
2.091471874901284708e-02
1.874814212434868302e-02
2.392184489178355439e-02
2.015536902776506739e-02
2.199815893128917801e-02
1.985162913926595551e-02
1.869751880959882873e-02
1.864689549484897790e-02
2.029721555569415428e-02
1.856579694461971478e-02
2.181591499818971366e-02
2.094509273786275896e-02
2.282838129318675094e-02
2.051995814059349998e-02
2.074259947886335220e-02
1.999347566719504241e-02
1.920375195709735083e-02
2.342563516060550480e-02
2.036808819634394405e-02
2.137032858176151490e-02
1.965936178984601865e-02
1.843417632627010125e-02
1.841392700037015884e-02
2.114758599686216572e-02
1.923412594594726271e-02
1.881891351836897583e-02
1.914290273276802665e-02
2.415461089300337261e-02
2.136030516544104585e-02
2.076284880476329114e-02
1.852539953944933385e-02
2.015536902776506739e-02
1.916325330529746601e-02
2.166404505394015773e-02
2.009472229669474405e-02
1.957826323961675552e-02
2.160319582961083354e-02
1.988200312811586740e-02
1.880889010204850331e-02
1.610550384777690788e-02
1.823168306727069102e-02
2.204878224603902884e-02
1.996310167834513052e-02
1.944664262126713852e-02
1.969975919501639958e-02
1.879876543909853384e-02
2.102619128809202209e-02
1.848479964101995207e-02
1.749268391855235069e-02
2.476209067000159636e-02
1.910250532759764572e-02
2.332438853110580315e-02
1.844440223584957114e-02
1.855577352829924226e-02
2.071222549001344032e-02
1.976060841934572029e-02
1.763442919985193716e-02
1.809003903260060497e-02
2.585555426859839981e-02
2.037821285929391352e-02
2.131970526701166407e-02
1.881891351836897583e-02
1.973013318386631146e-02
1.888978615901876906e-02
1.881891351836897583e-02
2.008449638711527416e-02
1.939601930651728770e-02
1.825203363980013038e-02
2.117806123234157803e-02
2.061097886051373521e-02
1.989222903769533729e-02
2.066160217526358603e-02
1.928474926069711354e-02
1.854564886534927279e-02
1.633837109562623000e-02
1.917327672161793853e-02
1.947701661011705040e-02
1.911262999054761519e-02
2.205880566235950135e-02
1.738131262610267957e-02
2.073257606254287969e-02
1.839377892109971685e-02
1.875826678729865249e-02
1.809003903260060497e-02
2.223092493250899970e-02
1.648021762355531342e-02
1.818105975252084019e-02
1.964913588026654875e-02
1.830265695454998467e-02
1.937576998061734876e-02
2.059072953461379626e-02
1.836330368562030801e-02
2.083382269204258133e-02
2.224115084208846960e-02
1.750270733487282321e-02
1.934539599176743688e-02
2.078319937729273051e-02
1.762420329027246726e-02
1.919352604751788094e-02
1.668271088255472018e-02
1.950749184559646271e-02
1.922390003636779282e-02
2.172469178501047760e-02
2.006434830784483217e-02
1.957826323961675552e-02
2.056035554576388438e-02
2.019596892619444917e-02
2.062120477009320510e-02
2.120843522119148991e-02
1.800894048237134532e-02
2.158304775034039155e-02
1.759393054805205581e-02
2.031746488159409322e-02
1.787731986402172832e-02
2.150194920011113189e-02
1.958848914919622541e-02
2.037821285929391352e-02
1.701672351327424351e-02
1.935562190134690677e-02
1.982135639704554406e-02
2.234239747158817124e-02
1.908225600169770678e-02
2.099571605261260979e-02
2.209940556078888313e-02
1.852539953944933385e-02
1.912265340686808771e-02
1.993262644286571822e-02
1.997322634129509999e-02
1.936574656429687624e-02
1.954788925076684364e-02
2.208928089783891366e-02
2.085407201794252374e-02
2.074259947886335220e-02
1.855577352829924226e-02
2.534932112109988117e-02
2.101596537851255220e-02
2.109696268211231490e-02
2.320299382233565605e-02
2.003387307236542333e-02
2.161342173919030343e-02
2.124883262636187084e-02
1.958848914919622541e-02
1.972010976754583894e-02
1.924414936226773176e-02
1.923412594594726271e-02
2.125905853594134073e-02
2.345611039608491710e-02
2.039846218519385593e-02
2.192718504400988783e-02
2.226129892135891158e-02
2.164379572804021531e-02
2.008449638711527416e-02
2.742487702584381348e-02
1.964913588026654875e-02
2.356748168853458822e-02
2.039846218519385593e-02
2.239302078633802554e-02
2.114758599686216572e-02
2.365860365508432386e-02
2.123880921004139832e-02
2.343586107018497469e-02
2.274738398958698823e-02
1.936574656429687624e-02
2.178554100933980178e-02
2.132993117659113397e-02
2.340548708133506281e-02
2.228154824725885053e-02
2.235252213453814071e-02
2.227152483093838148e-02
1.973013318386631146e-02
1.959851256551669446e-02
1.882913942794844572e-02
2.315237050758580523e-02
2.269676067483713741e-02
1.986185504884542541e-02
1.806978970670066603e-02
2.192718504400988783e-02
2.846771730969076611e-02
2.153242443559054073e-02
2.290937859678651364e-02
2.332438853110580315e-02
2.150194920011113189e-02
2.206903157193897125e-02
1.986185504884542541e-02
2.252464140468763906e-02
2.135007925586157596e-02
2.326374180003547634e-02
2.446857669108195438e-02
1.900125869809794060e-02
1.964913588026654875e-02
2.097556797334216780e-02
2.099571605261260979e-02
2.227152483093838148e-02
2.020599234251491821e-02
2.508618113103014760e-02
2.178554100933980178e-02
1.965936178984601865e-02
2.073257606254287969e-02
2.247401808993778824e-02
2.158304775034039155e-02
2.221067560660905729e-02
1.845452689879954061e-02
2.129945594111172166e-02
2.463057129828147979e-02
1.964913588026654875e-02
2.065157875894311698e-02
2.015536902776506739e-02
2.149192578379065938e-02
2.219052752733861530e-02
2.326374180003547634e-02
2.190693571810994542e-02
1.944664262126713852e-02
1.920375195709735083e-02
2.169441904279006614e-02
1.922390003636779282e-02
2.075282538844282210e-02
1.980100582451610469e-02
1.943661920494666948e-02
2.024659224094429999e-02
1.882913942794844572e-02
1.886953683311882665e-02
1.830265695454998467e-02
1.980100582451610469e-02
1.977073308229568976e-02
2.014534561144459834e-02
2.112743791759172374e-02
2.109696268211231490e-02
1.929477267701758259e-02
2.081347211951314197e-02
1.822165965095022197e-02
2.115781190644163562e-02
1.926449993479717113e-02
1.948724251969652030e-02
1.861642025936956907e-02
1.940624521609675759e-02
1.896076004629805925e-02
1.945686853084660842e-02
2.021621825209438811e-02
1.582211453180723537e-02
2.070220207369296780e-02
1.850515021354939144e-02
2.174504235753991696e-02
1.747233334602291133e-02
2.042883617404376781e-02
2.048948290511409115e-02
2.054010621986394197e-02
1.996310167834513052e-02
2.045910891626417927e-02
1.946699319379657789e-02
2.117806123234157803e-02
2.007447297079480164e-02
1.927452335111764364e-02
2.081347211951314197e-02
1.977073308229568976e-02
2.301062522628621876e-02
2.155257251486098272e-02
2.044908549994371022e-02
1.974035909344578135e-02
2.118818589529154750e-02
2.210942897710935565e-02
2.055033212944341187e-02
2.054010621986394197e-02
2.234239747158817124e-02
2.216005229185920647e-02
1.908225600169770678e-02
2.004409898194489323e-02
2.281815538360728104e-02
1.932514666586749447e-02
2.158304775034039155e-02
2.064135284936364709e-02
1.998324975761557251e-02
2.063132943304317457e-02
1.680420683795436770e-02
2.153242443559054073e-02
2.298025123743630688e-02
2.069197616411349791e-02
2.280813196728680853e-02
2.461022072575204042e-02
1.928474926069711354e-02
1.942639329536719958e-02
2.113756258054169321e-02
2.081347211951314197e-02
2.004409898194489323e-02
2.389147090293364251e-02
2.177531509976033189e-02
2.398249162285387773e-02
1.895063538334808978e-02
2.363835432918438492e-02
2.124883262636187084e-02
1.911262999054761519e-02
2.346623505903488657e-02
2.232214814568823230e-02
2.436733006158225273e-02
2.522792641232973407e-02
2.157282184076092166e-02
2.031746488159409322e-02
2.387122157703370010e-02
2.419521079143275438e-02
2.611889675192713076e-02
2.268653476525766752e-02
2.179566567228977125e-02
2.300050056333624929e-02
2.329401454225589127e-02
1.944664262126713852e-02
2.244364410108787636e-02
2.101596537851255220e-02
2.161342173919030343e-02
2.088444600679243562e-02
2.261566212460787428e-02
2.358773101443453063e-02
2.680727258589561679e-02
2.383062167860432179e-02
1.948724251969652030e-02
2.344588448650544721e-02
2.294987724858639500e-02
2.271690875410757940e-02
2.237277146043808312e-02
2.219052752733861530e-02
2.399271753243334762e-02
2.341561174428503228e-02
2.165381914436068783e-02
2.353710769968467981e-02
2.424583410618260867e-02
2.534932112109988117e-02
2.352688179010520991e-02
2.251441549510816917e-02
2.228154824725885053e-02
2.252464140468763906e-02
2.233217156200870135e-02
2.356748168853458822e-02
2.061097886051373521e-02
2.130968185069119156e-02
2.216005229185920647e-02
2.109696268211231490e-02
2.094509273786275896e-02
2.233217156200870135e-02
2.076284880476329114e-02
2.325361713708550687e-02
2.069197616411349791e-02
1.962888655436660634e-02
1.982135639704554406e-02
2.157282184076092166e-02
2.299027465375677939e-02
2.230189881978828989e-02
2.381047359933387980e-02
2.175506577386038948e-02
2.056035554576388438e-02
2.471146735525174554e-02
2.226129892135891158e-02
2.560243769484914222e-02
1.998324975761557251e-02
2.299027465375677939e-02
2.248404150625825729e-02
2.224115084208846960e-02
2.228154824725885053e-02
2.208928089783891366e-02
2.415461089300337261e-02
2.139067915429095426e-02
2.325361713708550687e-02
