1.753209999999999980e+02
1.759240000000000066e+02
1.765269999999999868e+02
1.771289999999999907e+02
1.777319999999999993e+02
1.783350000000000080e+02
1.789379999999999882e+02
1.795399999999999920e+02
1.801430000000000007e+02
1.807460000000000093e+02
1.813480000000000132e+02
1.819509999999999934e+02
1.825529999999999973e+02
1.831560000000000059e+02
1.837589999999999861e+02
1.843609999999999900e+02
1.849629999999999939e+02
1.855660000000000025e+02
1.861680000000000064e+02
1.867709999999999866e+02
1.873729999999999905e+02
1.879759999999999991e+02
1.885780000000000030e+02
1.891800000000000068e+02
1.897820000000000107e+02
1.903849999999999909e+02
1.909869999999999948e+02
1.915889999999999986e+02
1.921910000000000025e+02
1.927940000000000111e+02
1.933959999999999866e+02
1.939979999999999905e+02
1.945999999999999943e+02
1.952019999999999982e+02
1.958040000000000020e+02
1.964060000000000059e+02
1.970080000000000098e+02
1.976100000000000136e+02
1.982119999999999891e+02
1.988139999999999930e+02
1.994159999999999968e+02
2.000180000000000007e+02
2.006189999999999998e+02
2.012210000000000036e+02
2.018230000000000075e+02
2.024250000000000114e+02
2.030269999999999868e+02
2.036279999999999859e+02
2.042299999999999898e+02
2.048319999999999936e+02
2.054329999999999927e+02
2.060349999999999966e+02
2.066370000000000005e+02
2.072379999999999995e+02
2.078400000000000034e+02
2.084410000000000025e+02
2.090430000000000064e+02
2.096440000000000055e+02
2.102460000000000093e+02
2.108470000000000084e+02
2.114490000000000123e+02
2.120500000000000114e+02
2.126510000000000105e+02
2.132529999999999859e+02
2.138540000000000134e+02
2.144550000000000125e+02
2.150569999999999879e+02
2.156579999999999870e+02
2.162589999999999861e+02
2.168600000000000136e+02
2.174610000000000127e+02
2.180629999999999882e+02
2.186639999999999873e+02
2.192649999999999864e+02
2.198660000000000139e+02
2.204670000000000130e+02
2.210680000000000121e+02
2.216690000000000111e+02
2.222700000000000102e+02
2.228710000000000093e+02
2.234720000000000084e+02
2.240730000000000075e+02
2.246730000000000018e+02
2.252740000000000009e+02
2.258750000000000000e+02
2.264759999999999991e+02
2.270769999999999982e+02
2.276769999999999925e+02
2.282779999999999916e+02
2.288789999999999907e+02
2.294790000000000134e+02
2.300800000000000125e+02
2.306810000000000116e+02
2.312810000000000059e+02
2.318820000000000050e+02
2.324819999999999993e+02
2.330829999999999984e+02
2.336829999999999927e+02
2.342839999999999918e+02
2.348839999999999861e+02
2.354850000000000136e+02
2.360850000000000080e+02
2.366850000000000023e+02
2.372860000000000014e+02
2.378859999999999957e+02
2.384859999999999900e+02
2.390869999999999891e+02
2.396870000000000118e+02
2.402870000000000061e+02
2.408870000000000005e+02
2.414869999999999948e+02
2.420879999999999939e+02
2.426879999999999882e+02
2.432880000000000109e+02
2.438880000000000052e+02
2.444879999999999995e+02
2.450879999999999939e+02
2.456879999999999882e+02
2.462880000000000109e+02
2.468880000000000052e+02
2.474879999999999995e+02
2.480869999999999891e+02
2.486870000000000118e+02
2.492870000000000061e+02
2.498870000000000005e+02
2.504869999999999948e+02
2.510860000000000127e+02
2.516860000000000070e+02
2.522860000000000014e+02
2.528859999999999957e+02
2.534850000000000136e+02
2.540850000000000080e+02
2.546839999999999975e+02
2.552839999999999918e+02
2.558830000000000098e+02
2.564830000000000041e+02
2.570819999999999936e+02
2.576820000000000164e+02
2.582810000000000059e+02
2.588809999999999718e+02
2.594800000000000182e+02
2.600790000000000077e+02
2.606789999999999736e+02
2.612780000000000200e+02
2.618770000000000095e+02
2.624769999999999754e+02
2.630760000000000218e+02
2.636750000000000114e+02
2.642740000000000009e+02
2.648729999999999905e+02
2.654730000000000132e+02
2.660720000000000027e+02
2.666709999999999923e+02
2.672699999999999818e+02
2.678690000000000282e+02
2.684680000000000177e+02
2.690670000000000073e+02
2.696659999999999968e+02
2.702649999999999864e+02
2.708629999999999995e+02
2.714619999999999891e+02
2.720609999999999786e+02
2.726600000000000250e+02
2.732590000000000146e+02
2.738570000000000277e+02
2.744560000000000173e+02
2.750550000000000068e+02
2.756539999999999964e+02
2.762520000000000095e+02
2.768509999999999991e+02
2.774490000000000123e+02
2.780480000000000018e+02
2.786469999999999914e+02
2.792450000000000045e+02
2.798439999999999941e+02
2.804420000000000073e+02
2.810400000000000205e+02
2.816390000000000100e+02
2.822370000000000232e+02
2.828360000000000127e+02
2.834340000000000259e+02
2.840319999999999823e+02
2.846299999999999955e+02
2.852289999999999850e+02
2.858269999999999982e+02
2.864250000000000114e+02
2.870230000000000246e+02
2.876209999999999809e+02
2.882200000000000273e+02
2.888179999999999836e+02
2.894159999999999968e+02
2.900140000000000100e+02
2.906120000000000232e+02
2.912099999999999795e+02
2.918079999999999927e+02
2.924060000000000059e+02
2.930029999999999859e+02
2.936009999999999991e+02
2.941990000000000123e+02
2.947970000000000255e+02
2.953949999999999818e+02
2.959920000000000186e+02
2.965899999999999750e+02
2.971879999999999882e+02
2.977860000000000014e+02
2.983829999999999814e+02
2.989809999999999945e+02
2.995779999999999745e+02
3.001759999999999877e+02
3.007740000000000009e+02
3.013709999999999809e+02
3.019689999999999941e+02
3.025659999999999741e+02
3.031630000000000109e+02
3.037610000000000241e+02
3.043580000000000041e+02
3.049560000000000173e+02
3.055529999999999973e+02
3.061499999999999773e+02
3.067470000000000141e+02
3.073450000000000273e+02
3.079420000000000073e+02
3.085389999999999873e+02
3.091360000000000241e+02
3.097330000000000041e+02
3.103310000000000173e+02
3.109279999999999973e+02
3.115249999999999773e+02
3.121220000000000141e+02
3.127189999999999941e+02
3.133159999999999741e+02
3.139130000000000109e+02
3.145090000000000146e+02
3.151059999999999945e+02
3.157029999999999745e+02
3.163000000000000114e+02
3.168969999999999914e+02
3.174940000000000282e+02
3.180899999999999750e+02
3.186870000000000118e+02
3.192839999999999918e+02
3.198799999999999955e+02
3.204769999999999754e+02
3.210740000000000123e+02
3.216700000000000159e+02
3.222669999999999959e+02
3.228629999999999995e+02
3.234599999999999795e+02
3.240559999999999832e+02
3.246530000000000200e+02
3.252490000000000236e+02
3.258450000000000273e+02
3.264420000000000073e+02
3.270380000000000109e+02
3.276340000000000146e+02
3.282309999999999945e+02
3.288269999999999982e+02
3.294230000000000018e+02
3.300190000000000055e+02
3.306150000000000091e+02
3.312119999999999891e+02
3.318079999999999927e+02
3.324039999999999964e+02
3.330000000000000000e+02
3.335960000000000036e+02
3.341920000000000073e+02
3.347880000000000109e+02
3.353840000000000146e+02
3.359800000000000182e+02
3.365749999999999886e+02
3.371709999999999923e+02
3.377669999999999959e+02
3.383629999999999995e+02
3.389590000000000032e+02
3.395539999999999736e+02
3.401499999999999773e+02
3.407459999999999809e+02
3.413410000000000082e+02
3.419370000000000118e+02
3.425330000000000155e+02
3.431279999999999859e+02
3.437239999999999895e+02
3.443190000000000168e+02
3.449150000000000205e+02
3.455099999999999909e+02
3.461050000000000182e+02
3.467010000000000218e+02
3.472959999999999923e+02
3.478919999999999959e+02
3.484870000000000232e+02
3.490819999999999936e+02
3.496770000000000209e+02
3.502730000000000246e+02
3.508679999999999950e+02
3.514630000000000223e+02
3.520579999999999927e+02
3.526530000000000200e+02
3.532479999999999905e+02
3.538430000000000177e+02
3.544379999999999882e+02
3.550330000000000155e+02
3.556279999999999859e+02
3.562230000000000132e+02
3.568179999999999836e+02
3.574130000000000109e+02
3.580079999999999814e+02
3.586030000000000086e+02
3.591970000000000027e+02
3.597919999999999732e+02
3.603870000000000005e+02
3.609809999999999945e+02
3.615760000000000218e+02
3.621709999999999923e+02
3.627649999999999864e+02
3.633600000000000136e+02
3.639549999999999841e+02
3.645489999999999782e+02
3.651440000000000055e+02
3.657379999999999995e+02
3.663319999999999936e+02
3.669270000000000209e+02
3.675210000000000150e+02
3.681159999999999854e+02
3.687099999999999795e+02
3.693039999999999736e+02
3.698980000000000246e+02
3.704929999999999950e+02
3.710869999999999891e+02
3.716809999999999832e+02
3.722749999999999773e+02
3.728690000000000282e+02
3.734630000000000223e+02
3.740570000000000164e+02
3.746510000000000105e+02
3.752450000000000045e+02
3.758389999999999986e+02
3.764329999999999927e+02
3.770269999999999868e+02
3.776209999999999809e+02
3.782149999999999750e+02
3.788090000000000259e+02
3.794019999999999868e+02
3.799959999999999809e+02
3.805899999999999750e+02
3.811840000000000259e+02
3.817769999999999868e+02
3.823709999999999809e+02
3.829639999999999986e+02
3.835579999999999927e+02
3.841519999999999868e+02
3.847450000000000045e+02
3.853389999999999986e+02
3.859320000000000164e+02
3.865249999999999773e+02
3.871190000000000282e+02
3.877119999999999891e+02
3.883059999999999832e+02
3.888990000000000009e+02
3.894920000000000186e+02
3.900849999999999795e+02
3.906789999999999736e+02
3.912719999999999914e+02
3.918650000000000091e+02
3.924580000000000268e+02
3.930509999999999877e+02
3.936440000000000055e+02
3.942370000000000232e+02
3.948299999999999841e+02
3.954230000000000018e+02
3.960160000000000196e+02
3.966089999999999804e+02
3.972019999999999982e+02
3.977950000000000159e+02
3.983879999999999768e+02
3.989800000000000182e+02
3.995729999999999791e+02
4.001659999999999968e+02
4.007590000000000146e+02
4.013509999999999991e+02
4.019440000000000168e+02
4.025369999999999777e+02
4.031290000000000191e+02
4.037219999999999800e+02
4.043140000000000214e+02
4.049069999999999823e+02
4.054990000000000236e+02
4.060919999999999845e+02
4.066840000000000259e+02
4.072760000000000105e+02
4.078690000000000282e+02
4.084610000000000127e+02
4.090529999999999973e+02
4.096460000000000150e+02
4.102379999999999995e+02
4.108299999999999841e+02
4.114220000000000255e+02
4.120140000000000100e+02
4.126059999999999945e+02
4.131979999999999791e+02
4.137900000000000205e+02
4.143820000000000050e+02
4.149739999999999895e+02
4.155659999999999741e+02
4.161580000000000155e+02
4.167500000000000000e+02
4.173419999999999845e+02
4.179340000000000259e+02
4.185260000000000105e+02
4.191170000000000186e+02
4.197090000000000032e+02
4.203009999999999877e+02
4.208919999999999959e+02
4.214839999999999804e+02
4.220760000000000218e+02
4.226669999999999732e+02
4.232590000000000146e+02
4.238500000000000227e+02
4.244420000000000073e+02
4.250330000000000155e+02
4.256250000000000000e+02
4.262160000000000082e+02
4.268070000000000164e+02
4.273990000000000009e+02
4.279900000000000091e+02
4.285810000000000173e+02
4.291720000000000255e+02
4.297640000000000100e+02
4.303550000000000182e+02
4.309460000000000264e+02
4.315369999999999777e+02
4.321279999999999859e+02
4.327189999999999941e+02
4.333100000000000023e+02
4.339010000000000105e+02
4.344920000000000186e+02
4.350830000000000268e+02
4.356739999999999782e+02
4.362649999999999864e+02
4.368550000000000182e+02
4.374460000000000264e+02
4.380369999999999777e+02
4.386279999999999859e+02
4.392180000000000177e+02
4.398090000000000259e+02
4.403999999999999773e+02
4.409900000000000091e+02
4.415810000000000173e+02
4.421709999999999923e+02
4.427620000000000005e+02
4.433519999999999754e+02
4.439429999999999836e+02
4.445330000000000155e+02
4.451240000000000236e+02
4.457139999999999986e+02
4.463039999999999736e+02
4.468949999999999818e+02
4.474850000000000136e+02
4.480749999999999886e+02
4.486650000000000205e+02
4.492549999999999955e+02
4.498460000000000036e+02
4.504359999999999786e+02
4.510260000000000105e+02
4.516159999999999854e+02
4.522060000000000173e+02
4.527959999999999923e+02
4.533860000000000241e+02
4.539759999999999991e+02
4.545649999999999977e+02
4.551549999999999727e+02
4.557450000000000045e+02
4.563349999999999795e+02
4.569250000000000114e+02
4.575140000000000100e+02
4.581039999999999850e+02
4.586940000000000168e+02
4.592830000000000155e+02
4.598729999999999905e+02
4.604619999999999891e+02
4.610520000000000209e+02
4.616410000000000196e+02
4.622309999999999945e+02
4.628199999999999932e+02
4.634100000000000250e+02
4.639990000000000236e+02
4.645880000000000223e+02
4.651779999999999973e+02
4.657669999999999959e+02
4.663559999999999945e+02
4.669449999999999932e+02
4.675339999999999918e+02
4.681240000000000236e+02
4.687130000000000223e+02
4.693020000000000209e+02
4.698910000000000196e+02
4.704800000000000182e+02
4.710690000000000168e+02
4.716580000000000155e+02
4.722470000000000141e+02
4.728360000000000127e+02
4.734239999999999782e+02
4.740129999999999768e+02
4.746019999999999754e+02
4.751909999999999741e+02
4.757789999999999964e+02
4.763679999999999950e+02
4.769569999999999936e+02
4.775450000000000159e+02
4.781340000000000146e+02
4.787219999999999800e+02
4.793109999999999786e+02
4.798990000000000009e+02
4.804879999999999995e+02
4.810760000000000218e+02
4.816650000000000205e+02
4.822529999999999859e+02
4.828410000000000082e+02
4.834300000000000068e+02
4.840179999999999723e+02
4.846059999999999945e+02
4.851940000000000168e+02
4.857819999999999823e+02
4.863709999999999809e+02
4.869590000000000032e+02
4.875470000000000255e+02
4.881349999999999909e+02
4.887230000000000132e+02
4.893109999999999786e+02
4.898990000000000009e+02
4.904870000000000232e+02
4.910740000000000123e+02
4.916619999999999777e+02
4.922500000000000000e+02
4.928380000000000223e+02
4.934250000000000114e+02
4.940129999999999768e+02
4.946009999999999991e+02
4.951879999999999882e+02
4.957760000000000105e+02
4.963639999999999759e+02
4.969510000000000218e+02
4.975389999999999873e+02
4.981259999999999764e+02
4.987139999999999986e+02
4.993009999999999877e+02
4.998879999999999768e+02
5.004759999999999991e+02
5.010629999999999882e+02
5.016499999999999773e+02
5.022370000000000232e+02
5.028249999999999886e+02
5.034119999999999777e+02
5.039990000000000236e+02
5.045860000000000127e+02
5.051730000000000018e+02
5.057599999999999909e+02
5.063469999999999800e+02
5.069340000000000259e+02
5.075210000000000150e+02
5.081080000000000041e+02
5.086949999999999932e+02
5.092810000000000059e+02
5.098679999999999950e+02
5.104549999999999841e+02
5.110419999999999732e+02
5.116279999999999859e+02
5.122150000000000318e+02
5.128020000000000209e+02
5.133880000000000337e+02
5.139750000000000227e+02
5.145610000000000355e+02
5.151480000000000246e+02
5.157340000000000373e+02
5.163210000000000264e+02
5.169070000000000391e+02
5.174930000000000518e+02
5.180800000000000409e+02
5.186660000000000537e+02
5.192519999999999527e+02
5.198390000000000555e+02
5.204249999999999545e+02
5.210109999999999673e+02
5.215969999999999800e+02
5.221829999999999927e+02
5.227690000000000055e+02
5.233550000000000182e+02
5.239410000000000309e+02
5.245270000000000437e+02
5.251130000000000564e+02
5.256989999999999554e+02
5.262849999999999682e+02
5.268700000000000045e+02
5.274560000000000173e+02
5.280420000000000300e+02
5.286280000000000427e+02
5.292129999999999654e+02
5.297989999999999782e+02
5.303849999999999909e+02
5.309700000000000273e+02
5.315560000000000400e+02
5.321409999999999627e+02
5.327269999999999754e+02
5.333120000000000118e+02
5.338980000000000246e+02
5.344829999999999472e+02
5.350679999999999836e+02
5.356539999999999964e+02
5.362390000000000327e+02
5.368239999999999554e+02
5.374089999999999918e+02
5.379940000000000282e+02
5.385789999999999509e+02
5.391649999999999636e+02
5.397500000000000000e+02
5.403350000000000364e+02
5.409199999999999591e+02
5.415049999999999955e+02
5.420890000000000555e+02
5.426739999999999782e+02
5.432590000000000146e+02
5.438440000000000509e+02
5.444289999999999736e+02
5.450140000000000100e+02
5.455979999999999563e+02
5.461829999999999927e+02
5.467680000000000291e+02
5.473519999999999754e+02
5.479370000000000118e+02
5.485209999999999582e+02
5.491059999999999945e+02
5.496900000000000546e+02
5.502749999999999773e+02
5.508590000000000373e+02
5.514429999999999836e+02
5.520280000000000200e+02
5.526119999999999663e+02
5.531960000000000264e+02
5.537809999999999491e+02
5.543650000000000091e+02
5.549489999999999554e+02
5.555330000000000155e+02
5.561169999999999618e+02
5.567010000000000218e+02
5.572849999999999682e+02
5.578690000000000282e+02
5.584529999999999745e+02
5.590370000000000346e+02
5.596209999999999809e+02
5.602050000000000409e+02
5.607880000000000109e+02
5.613719999999999573e+02
5.619560000000000173e+02
5.625399999999999636e+02
5.631230000000000473e+02
5.637069999999999936e+02
5.642910000000000537e+02
5.648740000000000236e+02
5.654579999999999700e+02
5.660410000000000537e+02
5.666250000000000000e+02
5.672079999999999700e+02
5.677910000000000537e+02
5.683750000000000000e+02
5.689579999999999700e+02
5.695410000000000537e+02
5.701240000000000236e+02
5.707079999999999700e+02
5.712910000000000537e+02
5.718740000000000236e+02
5.724569999999999936e+02
5.730399999999999636e+02
5.736230000000000473e+02
5.742060000000000173e+02
5.747889999999999873e+02
5.753719999999999573e+02
5.759550000000000409e+02
5.765380000000000109e+02
5.771200000000000045e+02
5.777029999999999745e+02
5.782859999999999445e+02
5.788690000000000282e+02
5.794510000000000218e+02
5.800339999999999918e+02
5.806169999999999618e+02
5.811989999999999554e+02
5.817820000000000391e+02
5.823640000000000327e+02
5.829470000000000027e+02
5.835289999999999964e+02
5.841109999999999900e+02
5.846939999999999600e+02
5.852759999999999536e+02
5.858579999999999472e+02
5.864410000000000309e+02
5.870230000000000246e+02
5.876050000000000182e+02
5.881870000000000118e+02
5.887690000000000055e+02
5.893509999999999991e+02
5.899329999999999927e+02
5.905149999999999864e+02
5.910969999999999800e+02
5.916789999999999736e+02
5.922609999999999673e+02
5.928429999999999609e+02
5.934249999999999545e+02
5.940059999999999718e+02
5.945879999999999654e+02
5.951699999999999591e+02
5.957509999999999764e+02
5.963329999999999700e+02
5.969149999999999636e+02
5.974959999999999809e+02
5.980779999999999745e+02
5.986589999999999918e+02
5.992409999999999854e+02
5.998220000000000027e+02
6.004030000000000200e+02
6.009850000000000136e+02
6.015660000000000309e+02
6.021470000000000482e+02
6.027290000000000418e+02
6.033099999999999454e+02
6.038909999999999627e+02
6.044719999999999800e+02
6.050529999999999973e+02
6.056340000000000146e+02
6.062150000000000318e+02
6.067960000000000491e+02
6.073769999999999527e+02
6.079579999999999700e+02
6.085389999999999873e+02
6.091200000000000045e+02
6.097000000000000455e+02
6.102809999999999491e+02
6.108619999999999663e+02
6.114429999999999836e+02
6.120230000000000246e+02
6.126040000000000418e+02
6.131839999999999691e+02
6.137649999999999864e+02
6.143450000000000273e+02
6.149260000000000446e+02
6.155059999999999718e+02
6.160869999999999891e+02
6.166670000000000300e+02
6.172469999999999573e+02
6.178269999999999982e+02
6.184080000000000155e+02
6.189880000000000564e+02
6.195679999999999836e+02
6.201480000000000246e+02
6.207279999999999518e+02
6.213079999999999927e+02
6.218880000000000337e+02
6.224679999999999609e+02
6.230480000000000018e+02
6.236280000000000427e+02
6.242079999999999700e+02
6.247880000000000109e+02
6.253680000000000518e+02
6.259470000000000027e+02
6.265270000000000437e+02
6.271069999999999709e+02
6.276860000000000355e+02
6.282659999999999627e+02
6.288460000000000036e+02
6.294249999999999545e+02
6.300049999999999955e+02
6.305839999999999463e+02
6.311630000000000109e+02
6.317430000000000518e+02
6.323220000000000027e+02
6.329009999999999536e+02
6.334809999999999945e+02
6.340599999999999454e+02
6.346390000000000100e+02
6.352179999999999609e+02
6.357970000000000255e+02
6.363759999999999764e+02
6.369560000000000173e+02
6.375349999999999682e+02
6.381140000000000327e+02
6.386920000000000073e+02
6.392709999999999582e+02
6.398500000000000227e+02
6.404289999999999736e+02
6.410080000000000382e+02
6.415860000000000127e+02
6.421649999999999636e+02
6.427440000000000282e+02
6.433229999999999791e+02
6.439009999999999536e+02
6.444800000000000182e+02
6.450579999999999927e+02
6.456369999999999436e+02
6.462150000000000318e+02
6.467930000000000064e+02
6.473719999999999573e+02
6.479500000000000455e+02
6.485280000000000200e+02
6.491069999999999709e+02
6.496849999999999454e+02
6.502630000000000337e+02
6.508410000000000082e+02
6.514189999999999827e+02
6.519969999999999573e+02
6.525750000000000455e+02
6.531530000000000200e+02
6.537309999999999945e+02
6.543089999999999691e+02
6.548869999999999436e+02
6.554650000000000318e+02
6.560430000000000064e+02
6.566200000000000045e+02
6.571979999999999791e+02
6.577759999999999536e+02
6.583540000000000418e+02
6.589310000000000400e+02
6.595090000000000146e+02
6.600860000000000127e+02
6.606639999999999873e+02
6.612409999999999854e+02
6.618189999999999600e+02
6.623959999999999582e+02
6.629729999999999563e+02
6.635510000000000446e+02
6.641280000000000427e+02
6.647050000000000409e+02
6.652820000000000391e+02
6.658590000000000373e+02
6.664370000000000118e+02
6.670140000000000100e+02
6.675910000000000082e+02
6.681680000000000064e+02
6.687450000000000045e+02
6.693210000000000264e+02
6.698980000000000246e+02
6.704750000000000227e+02
6.710520000000000209e+02
6.716290000000000191e+02
6.722050000000000409e+02
6.727820000000000391e+02
6.733590000000000373e+02
6.739349999999999454e+02
6.745119999999999436e+02
6.750890000000000555e+02
6.756649999999999636e+02
6.762409999999999854e+02
6.768179999999999836e+02
6.773940000000000055e+02
6.779710000000000036e+02
6.785470000000000255e+02
6.791230000000000473e+02
6.796989999999999554e+02
6.802759999999999536e+02
6.808519999999999754e+02
6.814279999999999973e+02
6.820040000000000191e+02
6.825800000000000409e+02
6.831559999999999491e+02
6.837319999999999709e+02
6.843079999999999927e+02
6.848840000000000146e+02
6.854589999999999463e+02
6.860349999999999682e+02
6.866109999999999900e+02
6.871870000000000118e+02
6.877619999999999436e+02
6.883379999999999654e+02
6.889139999999999873e+02
6.894890000000000327e+02
6.900650000000000546e+02
6.906399999999999864e+02
6.912160000000000082e+02
6.917910000000000537e+02
6.923659999999999854e+02
6.929420000000000073e+02
6.935170000000000528e+02
6.940919999999999845e+02
6.946670000000000300e+02
6.952419999999999618e+02
6.958179999999999836e+02
6.963930000000000291e+02
6.969679999999999609e+02
6.975430000000000064e+02
6.981180000000000518e+02
6.986929999999999836e+02
6.992680000000000291e+02
6.998419999999999845e+02
7.004170000000000300e+02
7.009919999999999618e+02
7.015670000000000073e+02
7.021409999999999627e+02
7.027160000000000082e+02
7.032910000000000537e+02
7.038650000000000091e+02
7.044400000000000546e+02
7.050140000000000100e+02
7.055890000000000555e+02
7.061630000000000109e+02
7.067369999999999663e+02
7.073120000000000118e+02
7.078859999999999673e+02
7.084600000000000364e+02
7.090349999999999682e+02
7.096090000000000373e+02
7.101829999999999927e+02
7.107569999999999482e+02
7.113310000000000173e+02
7.119049999999999727e+02
7.124790000000000418e+02
7.130529999999999973e+02
7.136269999999999527e+02
7.142010000000000218e+02
7.147749999999999773e+02
7.153479999999999563e+02
7.159220000000000255e+02
7.164959999999999809e+02
7.170689999999999600e+02
7.176430000000000291e+02
7.182169999999999845e+02
7.187899999999999636e+02
7.193640000000000327e+02
7.199370000000000118e+02
7.205099999999999909e+02
7.210839999999999463e+02
7.216570000000000391e+02
7.222309999999999945e+02
7.228039999999999736e+02
7.233769999999999527e+02
7.239500000000000455e+02
7.245230000000000246e+02
7.250960000000000036e+02
7.256689999999999827e+02
7.262419999999999618e+02
7.268150000000000546e+02
7.273880000000000337e+02
7.279610000000000127e+02
7.285339999999999918e+02
7.291069999999999709e+02
7.296799999999999500e+02
7.302519999999999527e+02
7.308250000000000455e+02
7.313980000000000246e+02
7.319700000000000273e+02
7.325430000000000064e+02
7.331159999999999854e+02
7.336879999999999882e+02
7.342599999999999909e+02
7.348329999999999700e+02
7.354049999999999727e+02
7.359779999999999518e+02
7.365499999999999545e+02
7.371219999999999573e+02
7.376939999999999600e+02
7.382659999999999627e+02
7.388390000000000555e+02
7.394109999999999445e+02
7.399829999999999472e+02
7.405549999999999500e+02
7.411269999999999527e+02
7.416989999999999554e+02
7.422709999999999582e+02
7.428419999999999845e+02
7.434139999999999873e+02
7.439859999999999900e+02
7.445579999999999927e+02
7.451290000000000191e+02
7.457010000000000218e+02
7.462730000000000246e+02
7.468440000000000509e+02
7.474160000000000537e+02
7.479869999999999663e+02
7.485589999999999691e+02
7.491299999999999955e+02
7.497010000000000218e+02
7.502730000000000246e+02
7.508440000000000509e+02
7.514149999999999636e+02
7.519859999999999900e+02
7.525570000000000164e+02
7.531280000000000427e+02
7.537000000000000455e+02
7.542709999999999582e+02
7.548419999999999845e+02
7.554120000000000346e+02
7.559829999999999472e+02
7.565539999999999736e+02
7.571250000000000000e+02
7.576960000000000264e+02
7.582670000000000528e+02
7.588369999999999891e+02
7.594080000000000155e+02
7.599790000000000418e+02
7.605489999999999782e+02
7.611200000000000045e+02
7.616900000000000546e+02
7.622609999999999673e+02
7.628310000000000173e+02
7.634009999999999536e+02
7.639719999999999800e+02
7.645420000000000300e+02
7.651119999999999663e+02
7.656820000000000164e+02
7.662530000000000427e+02
7.668229999999999791e+02
7.673930000000000291e+02
7.679629999999999654e+02
7.685330000000000155e+02
7.691029999999999518e+02
7.696730000000000018e+02
7.702419999999999618e+02
7.708120000000000118e+02
7.713819999999999482e+02
7.719519999999999982e+02
7.725209999999999582e+02
7.730910000000000082e+02
7.736609999999999445e+02
7.742300000000000182e+02
7.747999999999999545e+02
7.753690000000000282e+02
7.759389999999999645e+02
7.765080000000000382e+02
7.770779999999999745e+02
7.776470000000000482e+02
7.782160000000000082e+02
7.787849999999999682e+02
7.793550000000000182e+02
7.799239999999999782e+02
7.804930000000000518e+02
7.810620000000000118e+02
7.816309999999999718e+02
7.822000000000000455e+02
7.827690000000000055e+02
7.833379999999999654e+02
7.839070000000000391e+02
7.844750000000000227e+02
7.850439999999999827e+02
7.856130000000000564e+02
7.861820000000000164e+02
7.867500000000000000e+02
7.873189999999999600e+02
7.878869999999999436e+02
7.884560000000000173e+02
7.890240000000000009e+02
7.895929999999999609e+02
7.901609999999999445e+02
7.907300000000000182e+02
7.912980000000000018e+02
7.918659999999999854e+02
7.924339999999999691e+02
7.930030000000000427e+02
7.935710000000000264e+02
7.941390000000000100e+02
7.947069999999999936e+02
7.952749999999999773e+02
7.958429999999999609e+02
7.964109999999999445e+02
7.969790000000000418e+02
7.975470000000000255e+02
7.981140000000000327e+02
7.986820000000000164e+02
7.992500000000000000e+02
7.998170000000000073e+02
8.003849999999999909e+02
8.009529999999999745e+02
8.015199999999999818e+02
8.020879999999999654e+02
8.026549999999999727e+02
8.032229999999999563e+02
8.037899999999999636e+02
8.043569999999999709e+02
8.049249999999999545e+02
8.054919999999999618e+02
8.060589999999999691e+02
8.066259999999999764e+02
8.071929999999999836e+02
8.077599999999999909e+02
8.083269999999999982e+02
8.088940000000000055e+02
8.094610000000000127e+02
8.100280000000000200e+02
8.105950000000000273e+02
8.111620000000000346e+02
8.117290000000000418e+02
8.122949999999999591e+02
8.128619999999999663e+02
8.134289999999999736e+02
8.139950000000000045e+02
8.145620000000000118e+02
8.151280000000000427e+02
8.156950000000000500e+02
8.162609999999999673e+02
8.168279999999999745e+02
8.173940000000000055e+02
8.179600000000000364e+02
8.185270000000000437e+02
8.190929999999999609e+02
8.196589999999999918e+02
8.202250000000000227e+02
8.207910000000000537e+02
8.213569999999999709e+02
8.219230000000000018e+02
8.224890000000000327e+02
8.230549999999999500e+02
8.236209999999999809e+02
8.241870000000000118e+02
8.247530000000000427e+02
8.253179999999999836e+02
8.258840000000000146e+02
8.264500000000000455e+02
8.270149999999999864e+02
8.275810000000000173e+02
8.281459999999999582e+02
8.287119999999999891e+02
8.292770000000000437e+02
8.298429999999999609e+02
8.304080000000000155e+02
8.309729999999999563e+02
8.315389999999999873e+02
8.321040000000000418e+02
8.326689999999999827e+02
8.332340000000000373e+02
8.337989999999999782e+02
8.343640000000000327e+02
8.349289999999999736e+02
8.354940000000000282e+02
8.360589999999999691e+02
8.366240000000000236e+02
8.371889999999999645e+02
8.377540000000000191e+02
8.383179999999999836e+02
8.388830000000000382e+02
8.394479999999999791e+02
8.400119999999999436e+02
8.405769999999999982e+02
8.411409999999999627e+02
8.417060000000000173e+02
8.422699999999999818e+02
8.428350000000000364e+02
8.433990000000000009e+02
8.439629999999999654e+02
8.445280000000000200e+02
8.450919999999999845e+02
8.456559999999999491e+02
8.462200000000000273e+02
8.467839999999999918e+02
8.473479999999999563e+02
8.479120000000000346e+02
8.484759999999999991e+02
8.490399999999999636e+02
8.496040000000000418e+02
8.501680000000000064e+02
8.507319999999999709e+02
8.512949999999999591e+02
8.518590000000000373e+02
8.524230000000000018e+02
8.529859999999999900e+02
8.535499999999999545e+02
8.541130000000000564e+02
8.546770000000000209e+02
8.552400000000000091e+02
8.558039999999999736e+02
8.563669999999999618e+02
8.569299999999999500e+02
8.574930000000000518e+02
8.580570000000000164e+02
8.586200000000000045e+02
8.591829999999999927e+02
8.597459999999999809e+02
8.603089999999999691e+02
8.608719999999999573e+02
8.614349999999999454e+02
8.619980000000000473e+02
8.625610000000000355e+02
8.631230000000000473e+02
8.636860000000000355e+02
8.642490000000000236e+02
8.648110000000000355e+02
8.653740000000000236e+02
8.659370000000000118e+02
8.664990000000000236e+02
8.670620000000000118e+02
8.676240000000000236e+02
8.681860000000000355e+02
8.687490000000000236e+02
8.693110000000000355e+02
8.698730000000000473e+02
8.704360000000000355e+02
8.709980000000000473e+02
8.715599999999999454e+02
8.721219999999999573e+02
8.726839999999999691e+02
8.732459999999999809e+02
8.738079999999999927e+02
8.743700000000000045e+02
8.749320000000000164e+02
8.754940000000000282e+02
8.760549999999999500e+02
8.766169999999999618e+02
8.771789999999999736e+02
8.777400000000000091e+02
8.783020000000000209e+02
8.788630000000000564e+02
8.794249999999999545e+02
8.799859999999999900e+02
8.805480000000000018e+02
8.811090000000000373e+02
8.816699999999999591e+02
8.822319999999999709e+02
8.827930000000000064e+02
8.833540000000000418e+02
8.839149999999999636e+02
8.844759999999999991e+02
8.850370000000000346e+02
8.855979999999999563e+02
8.861589999999999918e+02
8.867200000000000273e+02
8.872809999999999491e+02
8.878419999999999845e+02
8.884030000000000200e+02
8.889629999999999654e+02
8.895240000000000009e+02
8.900850000000000364e+02
8.906449999999999818e+02
8.912060000000000173e+02
8.917659999999999627e+02
8.923269999999999982e+02
8.928869999999999436e+02
8.934479999999999791e+02
8.940080000000000382e+02
8.945679999999999836e+02
8.951280000000000427e+02
8.956889999999999645e+02
8.962490000000000236e+02
8.968089999999999691e+02
8.973690000000000282e+02
8.979289999999999736e+02
8.984890000000000327e+02
8.990489999999999782e+02
8.996090000000000373e+02
9.001680000000000064e+02
9.007279999999999518e+02
9.012880000000000109e+02
9.018479999999999563e+02
9.024070000000000391e+02
9.029669999999999845e+02
9.035259999999999536e+02
9.040860000000000127e+02
9.046449999999999818e+02
9.052050000000000409e+02
9.057640000000000100e+02
9.063229999999999791e+02
9.068830000000000382e+02
9.074420000000000073e+02
9.080009999999999764e+02
9.085599999999999454e+02
9.091190000000000282e+02
9.096779999999999973e+02
9.102369999999999663e+02
9.107960000000000491e+02
9.113550000000000182e+02
9.119139999999999873e+02
9.124729999999999563e+02
9.130309999999999491e+02
9.135900000000000318e+02
9.141490000000000009e+02
9.147069999999999936e+02
9.152659999999999627e+02
9.158250000000000455e+02
9.163830000000000382e+02
9.169410000000000309e+02
9.175000000000000000e+02
9.180579999999999927e+02
9.186169999999999618e+02
9.191749999999999545e+02
9.197329999999999472e+02
9.202910000000000537e+02
9.208490000000000464e+02
9.214070000000000391e+02
9.219650000000000318e+02
9.225230000000000246e+02
9.230810000000000173e+02
9.236390000000000100e+02
9.241970000000000027e+02
9.247549999999999955e+02
9.253120000000000118e+02
9.258700000000000045e+02
9.264279999999999973e+02
9.269850000000000136e+02
9.275430000000000064e+02
9.281000000000000227e+02
9.286580000000000155e+02
9.292150000000000318e+02
9.297730000000000246e+02
9.303300000000000409e+02
9.308869999999999436e+02
9.314450000000000500e+02
9.320019999999999527e+02
9.325589999999999691e+02
9.331159999999999854e+02
9.336730000000000018e+02
9.342300000000000182e+02
9.347870000000000346e+02
9.353440000000000509e+02
9.359009999999999536e+02
9.364569999999999936e+02
9.370140000000000100e+02
9.375710000000000264e+02
9.381280000000000427e+02
9.386839999999999691e+02
9.392409999999999854e+02
9.397970000000000255e+02
9.403540000000000418e+02
9.409099999999999682e+02
9.414669999999999845e+02
9.420230000000000246e+02
9.425789999999999509e+02
9.431349999999999909e+02
9.436920000000000073e+02
9.442480000000000473e+02
9.448039999999999736e+02
9.453600000000000136e+02
9.459160000000000537e+02
9.464719999999999800e+02
9.470280000000000200e+02
9.475839999999999463e+02
9.481390000000000100e+02
9.486950000000000500e+02
9.492509999999999764e+02
9.498070000000000164e+02
9.503619999999999663e+02
9.509180000000000064e+02
9.514729999999999563e+02
9.520289999999999964e+02
9.525839999999999463e+02
9.531399999999999864e+02
9.536950000000000500e+02
9.542500000000000000e+02
9.548060000000000400e+02
9.553609999999999900e+02
9.559160000000000537e+02
9.564710000000000036e+02
9.570259999999999536e+02
9.575810000000000173e+02
9.581359999999999673e+02
9.586910000000000309e+02
9.592459999999999809e+02
9.598010000000000446e+02
9.603550000000000182e+02
9.609099999999999682e+02
9.614650000000000318e+02
9.620190000000000055e+02
9.625739999999999554e+02
9.631290000000000191e+02
9.636829999999999927e+02
9.642369999999999663e+02
9.647920000000000300e+02
9.653460000000000036e+02
9.658999999999999773e+02
9.664550000000000409e+02
9.670090000000000146e+02
9.675629999999999882e+02
9.681169999999999618e+02
9.686710000000000491e+02
9.692250000000000227e+02
9.697789999999999964e+02
9.703329999999999700e+02
9.708869999999999436e+02
9.714410000000000309e+02
9.719950000000000045e+02
9.725480000000000018e+02
9.731019999999999754e+02
9.736559999999999491e+02
9.742089999999999463e+02
9.747630000000000337e+02
9.753160000000000309e+02
9.758700000000000045e+02
9.764230000000000018e+02
9.769759999999999991e+02
9.775299999999999727e+02
9.780829999999999700e+02
9.786359999999999673e+02
9.791889999999999645e+02
9.797419999999999618e+02
9.802949999999999591e+02
9.808479999999999563e+02
9.814009999999999536e+02
9.819539999999999509e+02
9.825069999999999482e+02
9.830599999999999454e+02
9.836119999999999663e+02
9.841649999999999636e+02
9.847179999999999609e+02
9.852709999999999582e+02
9.858229999999999791e+02
9.863759999999999764e+02
9.869279999999999973e+02
9.874800000000000182e+02
9.880330000000000155e+02
9.885850000000000364e+02
9.891369999999999436e+02
9.896900000000000546e+02
9.902419999999999618e+02
9.907939999999999827e+02
9.913460000000000036e+02
9.918980000000000246e+02
9.924500000000000455e+02
9.930019999999999527e+02
9.935539999999999736e+02
9.941059999999999945e+02
9.946570000000000391e+02
9.952089999999999463e+02
9.957609999999999673e+02
9.963120000000000118e+02
9.968640000000000327e+02
9.974160000000000537e+02
9.979669999999999845e+02
9.985180000000000291e+02
9.990700000000000500e+02
9.996209999999999809e+02
1.000172000000000025e+03
1.000724000000000046e+03
1.001274999999999977e+03
1.001826000000000022e+03
1.002376999999999953e+03
1.002927999999999997e+03
1.003479000000000042e+03
1.004029999999999973e+03
1.004581000000000017e+03
1.005131999999999948e+03
1.005682999999999993e+03
1.006234000000000037e+03
1.006783999999999992e+03
1.007335000000000036e+03
1.007884999999999991e+03
1.008436000000000035e+03
1.008986999999999966e+03
1.009537000000000035e+03
1.010086999999999989e+03
1.010638000000000034e+03
1.011187999999999988e+03
1.011738000000000056e+03
1.012288999999999987e+03
1.012839000000000055e+03
1.013389000000000010e+03
1.013938999999999965e+03
1.014489000000000033e+03
1.015038999999999987e+03
1.015589000000000055e+03
1.016139000000000010e+03
1.016687999999999988e+03
1.017238000000000056e+03
1.017788000000000011e+03
1.018337999999999965e+03
1.018886999999999944e+03
1.019437000000000012e+03
1.019985999999999990e+03
1.020535999999999945e+03
1.021085000000000036e+03
1.021634999999999991e+03
1.022183999999999969e+03
1.022732999999999947e+03
1.023282000000000039e+03
1.023831999999999994e+03
1.024381000000000085e+03
1.024930000000000064e+03
1.025479000000000042e+03
1.026028000000000020e+03
1.026576999999999998e+03
1.027125000000000000e+03
1.027673999999999978e+03
1.028222999999999956e+03
1.028771999999999935e+03
1.029320999999999913e+03
1.029868999999999915e+03
1.030417999999999893e+03
1.030965999999999894e+03
1.031515000000000100e+03
1.032063000000000102e+03
1.032612000000000080e+03
1.033160000000000082e+03
1.033708000000000084e+03
1.034256000000000085e+03
1.034805000000000064e+03
1.035353000000000065e+03
1.035901000000000067e+03
1.036449000000000069e+03
1.036997000000000071e+03
1.037545000000000073e+03
1.038093000000000075e+03
1.038640000000000100e+03
1.039188000000000102e+03
1.039736000000000104e+03
1.040282999999999902e+03
1.040830999999999904e+03
1.041378999999999905e+03
1.041925999999999931e+03
1.042473999999999933e+03
1.043020999999999958e+03
1.043567999999999984e+03
1.044115999999999985e+03
1.044663000000000011e+03
1.045210000000000036e+03
1.045757000000000062e+03
1.046305000000000064e+03
1.046852000000000089e+03
1.047398999999999887e+03
1.047945999999999913e+03
1.048492999999999938e+03
1.049038999999999987e+03
1.049586000000000013e+03
1.050133000000000038e+03
1.050680000000000064e+03
1.051226000000000113e+03
1.051772999999999911e+03
1.052319999999999936e+03
1.052865999999999985e+03
1.053412000000000035e+03
1.053959000000000060e+03
1.054505000000000109e+03
1.055051999999999907e+03
1.055597999999999956e+03
1.056144000000000005e+03
1.056690000000000055e+03
1.057236000000000104e+03
1.057781999999999925e+03
1.058327999999999975e+03
1.058874000000000024e+03
1.059420000000000073e+03
1.059965999999999894e+03
1.060511999999999944e+03
1.061057999999999993e+03
1.061603000000000065e+03
1.062148999999999887e+03
1.062694999999999936e+03
1.063240000000000009e+03
1.063786000000000058e+03
1.064330999999999904e+03
1.064875999999999976e+03
1.065422000000000025e+03
1.065967000000000098e+03
1.066511999999999944e+03
1.067057000000000016e+03
1.067603000000000065e+03
1.068147999999999911e+03
1.068692999999999984e+03
1.069238000000000056e+03
1.069782999999999902e+03
1.070327999999999975e+03
1.070872000000000071e+03
1.071416999999999916e+03
1.071961999999999989e+03
1.072507000000000062e+03
1.073050999999999931e+03
1.073596000000000004e+03
1.074140000000000100e+03
1.074684999999999945e+03
1.075229000000000042e+03
1.075773999999999887e+03
1.076317999999999984e+03
1.076862000000000080e+03
1.077405999999999949e+03
1.077951000000000022e+03
1.078494999999999891e+03
1.079038999999999987e+03
1.079583000000000084e+03
1.080126999999999953e+03
1.080671000000000049e+03
1.081213999999999942e+03
1.081758000000000038e+03
1.082301999999999907e+03
1.082846000000000004e+03
1.083388999999999896e+03
1.083932999999999993e+03
1.084476000000000113e+03
1.085019999999999982e+03
1.085563000000000102e+03
1.086106999999999971e+03
1.086650000000000091e+03
1.087192999999999984e+03
1.087737000000000080e+03
1.088279999999999973e+03
1.088823000000000093e+03
1.089365999999999985e+03
1.089909000000000106e+03
1.090451999999999998e+03
1.090994999999999891e+03
1.091538000000000011e+03
1.092080999999999904e+03
1.092623000000000047e+03
1.093165999999999940e+03
1.093709000000000060e+03
1.094250999999999976e+03
1.094794000000000096e+03
1.095336000000000013e+03
1.095878999999999905e+03
1.096421000000000049e+03
1.096963999999999942e+03
1.097506000000000085e+03
1.098048000000000002e+03
1.098589999999999918e+03
1.099132000000000062e+03
1.099674999999999955e+03
1.100217000000000098e+03
